Nuovo salvataggio:Array Linspace:[ 0.          0.20408163  0.40816327  0.6122449   0.81632653  1.02040816
  1.2244898   1.42857143  1.63265306  1.83673469  2.04081633  2.24489796
  2.44897959  2.65306122  2.85714286  3.06122449  3.26530612  3.46938776
  3.67346939  3.87755102  4.08163265  4.28571429  4.48979592  4.69387755
  4.89795918  5.10204082  5.30612245  5.51020408  5.71428571  5.91836735
  6.12244898  6.32653061  6.53061224  6.73469388  6.93877551  7.14285714
  7.34693878  7.55102041  7.75510204  7.95918367  8.16326531  8.36734694
  8.57142857  8.7755102   8.97959184  9.18367347  9.3877551   9.59183673
  9.79591837 10.        ]Array Random:[0.1442101  0.95538899 0.87943504 0.24752825 0.16070373 0.56009062
 0.28921354 0.89028864 0.74965932 0.81851655 0.43481565 0.50440421
 0.51568916 0.44217318 0.79523073 0.37395734 0.01709457 0.79978666
 0.15508899 0.88947074 0.59449453 0.87631249 0.26624211 0.34453551
 0.26196568 0.67314248 0.57469464 0.97260737 0.63954638 0.36413843
 0.78624292 0.13755161 0.44689208 0.34570877 0.08506504 0.79124946
 0.34493949 0.43908765 0.92034132 0.02196233 0.36056188 0.13053227
 0.4911723  0.6425571  0.33483541 0.41640483 0.70366556 0.66254444
 0.77607685 0.96368343]Array Somma:[ 0.1442101   1.15947062  1.28759831  0.85977314  0.97703026  1.58049878
  1.51370334  2.31886007  2.38231238  2.65525125  2.47563198  2.74930217
  2.96466876  3.09523441  3.65237358  3.43518183  3.28240069  4.26917442
  3.82855838  4.76702176  4.67612718  5.16202677  4.75603803  5.03841306
  5.15992487  5.7751833   5.88081708  6.48281145  6.35383209  6.28250578
  6.9086919   6.46408222  6.97750432  7.08040265  7.02384055  7.93410661
  7.69187826  7.99010805  8.67544336  7.98114601  8.52382718  8.49787921
  9.06260087  9.41806731  9.31442725  9.6000783  10.09142067 10.25438117
 10.57199522 10.96368343]Somma Totale: 275.99150038375166Somma Maggiori di 5: 217.16107895505255Nuovo salvataggio:Array Linspace:[ 0.          0.20408163  0.40816327  0.6122449   0.81632653  1.02040816
  1.2244898   1.42857143  1.63265306  1.83673469  2.04081633  2.24489796
  2.44897959  2.65306122  2.85714286  3.06122449  3.26530612  3.46938776
  3.67346939  3.87755102  4.08163265  4.28571429  4.48979592  4.69387755
  4.89795918  5.10204082  5.30612245  5.51020408  5.71428571  5.91836735
  6.12244898  6.32653061  6.53061224  6.73469388  6.93877551  7.14285714
  7.34693878  7.55102041  7.75510204  7.95918367  8.16326531  8.36734694
  8.57142857  8.7755102   8.97959184  9.18367347  9.3877551   9.59183673
  9.79591837 10.        ]Array Random:[0.40884456 0.3621517  0.79867707 0.02811726 0.32706629 0.17887827
 0.69830926 0.28497281 0.46462282 0.38478099 0.5764512  0.35325594
 0.44167503 0.65945418 0.50125126 0.68032288 0.45653902 0.182385
 0.56778996 0.83811693 0.20329949 0.26384938 0.67664404 0.84013056
 0.99103778 0.80840407 0.30872156 0.06317821 0.69533328 0.29951873
 0.57649135 0.82600805 0.45851887 0.26548745 0.98604873 0.90625662
 0.87848371 0.97418026 0.6771518  0.3592687  0.91310482 0.43025308
 0.81743866 0.4210696  0.70937789 0.03169777 0.644701   0.56225024
 0.62185734 0.48340291]Array Somma:[ 0.40884456  0.56623333  1.20684033  0.64036215  1.14339282  1.19928643
  1.92279906  1.71354424  2.09727588  2.22151568  2.61726753  2.5981539
  2.89065462  3.3125154   3.35839412  3.74154737  3.72184514  3.65177275
  4.24125935  4.71566795  4.28493215  4.54956367  5.16643996  5.53400811
  5.88899696  5.91044488  5.61484401  5.57338229  6.40961899  6.21788607
  6.69894033  7.15253867  6.98913112  7.00018132  7.92482424  8.04911376
  8.22542249  8.52520067  8.43225384  8.31845238  9.07637012  8.79760002
  9.38886724  9.1965798   9.68896972  9.21537124 10.0324561  10.15408697
 10.41777571 10.48340291]Somma Totale: 276.88682834923316Somma Maggiori di 5: 220.08315992646428